tensor([[ 1.0485e+00, -1.3969e+00, -1.1588e+00,  ..., -2.9408e-01,
          3.8214e+00,  5.1952e-01],
        [-1.4575e+00,  9.4713e-01, -3.1702e+00,  ..., -2.2106e+00,
          1.5540e+00, -8.8102e-01],
        [-1.5131e+00,  4.6265e+00, -1.3180e+00,  ..., -5.5361e-01,
          1.2373e+00,  2.9695e+00],
        ...,
        [ 2.2793e+00,  1.8044e+00,  1.7609e+00,  ...,  4.0809e-03,
          1.6307e+00,  3.3539e+00],
        [-8.9381e-01, -2.3637e+00,  4.2565e-01,  ..., -3.3169e-02,
          1.6834e+00,  1.2828e+00],
        [-1.9848e+00,  8.3257e-02, -1.4447e+00,  ..., -4.6144e+00,
          2.5955e+00,  1.5743e-01]], device='cuda:0')